event,index,observed_after_process_start_ns
ready,,135544042
summary,,136617375
streams-closed,,138804833
